position COMBINED_rate(cM/Mb) Genetic_Map(cM)
20161372 2.360239057 0.0602781082651735
20161541 2.8699480281 0.0607631294819224
20161864 0.4011543523 0.0608927023377153
20162196 0.4027051251 0.0610264004392485
20163398 0.380274787 0.0614834907332225
22999878 2.240434815 25.2904058400966
23019956 0.4078311883 25.3044779462639
23900905 0.2835999993 29.962788857178
24061497 1.2829851909 30.7296738339594
24152094 0.2283408187 31.0116478188416
24733571 0.0122813796 31.3859718202003
24974051 3.3337243219 31.4672787211109
25004240 0.3402109146 31.5375826094756
25425079 0.4010320482 32.488863395823
25575671 0.0293747498 32.5444979514093
25595812 0.0037512348 32.5470006707779
25696179 0.1895319257 32.5627362010286
25776751 0.2382401475 32.780078540591
25876991 4.0864546395 33.1435597272344
26157811 0.0821631756 34.4010980516783
26227955 0.1119570078 34.755249735228
26448696 0.6429282198 35.4089469949495
27863955 0.1820591214 39.926724561671
27944247 1.0089531263 40.2060472484592
28144976 1.7096195358 40.4727874473651
29299858 0.1457941693 41.6067097720757
29350072 0.2517045637 41.8172644971082
29410238 1.7996910312 41.9170382193471
29450344 14.184081557 42.3197696694507
29530483 1.8576792132 42.4521443741603
29670769 0.1904760343 42.9349998002652
29750963 0.2059902751 43.1696510510536
29831162 0.0840926867 43.1944491083317
29901384 1.5835370543 43.5170636339779
31256475 0.0034257662 44.2851395157152
31356947 2.5382902689 44.4281655604604
31437366 1.2560482981 44.6966955092229
31557581 13.0015462965 44.936978744194
31758161 0.1613305895 45.358079413791
33209280 0.2730009524 47.3658617405335
33309589 35.4553787243 47.7426649401123
33319644 0.7229585538 47.7494643508525
33419779 2.1213883665 47.8593697771852
33459867 2.7362226709 47.93030326648
33650543 2.0136623919 48.7267088061159
33670632 2.283104194 48.7597023381123
33690685 5.9320230455 48.8295362812421
34272921 0.1612908411 50.8555709441826
34353316 0.2406548097 50.9304223962885
34574175 0.0359220831 51.3044217999397
34811227 1.2544341948 51.7286205876778
35105956 8.4947094738 52.568617141968
35748605 2.555426694 53.2637359210487
35798819 0.0192775211 53.284822773654
36400932 0.003112624 54.4448784535967
36461093 0.1095018577 54.5436224785799
36752353 1.5016387538 55.3318353817465
37224133 1.6914403128 56.2734508306088
37676308 0.0201878397 57.0781804670365
37736655 0.0448808893 57.0889649082234
38017922 0.3728500604 57.5494903650782
38218501 0.1163930896 57.8671542920085
38288753 2.1135493711 57.8982226151749
38328815 48.1516342442 58.0964435539016
38519766 0.4701188146 58.315218993171
38881245 0.5203349251 59.2749828199957
39031760 1.0920906398 59.5689298149137
39041779 1.1544963951 59.5801977934273
39262521 0.2726298762 60.6816178063381
39302638 0.5885874475 60.695174211057
39503192 0.6735575273 60.9169989972822
39623509 0.9728999972 61.2929773195764
39783919 0.2827459215 61.5691737793993
39854109 0.003918819 61.6377704638952
40085332 0.60007677 61.741207582033
40295959 0.1748524828 61.9126981621043
40516897 0.904559715 62.2161424801669
40707456 0.1023280735 62.8380852430902
40777645 0.005186463 62.9196898499293
41119185 0.665083991 62.9621896724022
41139250 0.5626796573 62.9716908609645
42102285 0.1373361415 63.2881320864039
42483200 0.0021192263 63.9867715369792
42533595 0.0004585224 63.9872467956608
42704105 0.812022426 64.0181081424482
42954888 0.0641958962 64.0883211843893
43115612 0.0215401555 64.10351626269
43648444 0.0012278528 64.1771690908666
43819150 0.0722599142 64.1849467800824
44160854 0.0187003685 64.1946475400931
44271206 0.0027079694 64.2704610692791
44973788 0.1553588645 64.3503588271255
45094019 58.411092009 64.6028394151956
45425055 0.7223020078 65.3383361397324
45515371 1.9961016874 65.3944176604744
45595711 0.1708692153 65.454311283077
45615731 0.3096410946 65.4576741521449
45927304 0.2984381317 65.521825034066
46278340 0.6036840218 66.1283361104393
46749867 0.0584078739 66.6842589230307
46850317 0.134190443 66.7847263610356
46870334 5.0208179107 66.8385200380385
47331706 0.0048121012 67.1225344152069
47563276 0.1165850123 67.2860952811695
47583439 2.0760324325 67.2895566593688
47733861 0.0731010741 67.5072553896364
47793994 0.0476880636 67.5331583605771
47894320 0.1866311047 67.5722304782955
48044687 0.1635939557 67.8331284003354
48736684 0.0046230867 68.8996735824759
50121843 0.0099568434 69.7598734934447
50282661 4.7014486072 69.9978156030092
50402973 0.6714470967 70.0590682723857
50412990 0.3164558035 70.0716063463459
50744180 0.0738225804 70.3817492205624
50874632 0.0140758132 70.3994054928621
51075724 0.110402875 70.4593744443141
51477881 0.0340719882 70.5079117058075
51507968 0.3400199688 70.5488097856353
51829302 0.0020045903 71.0211491745442
52050037 0.0042293457 71.0856359889412
52652174 0.0016802296 71.3773633066265
52702400 0.01421921 71.3867232893199
53013400 0.9818140475 71.6186938483048
53354646 0.5006240727 72.1393773943252
53454972 0.7631864275 72.3000147119671
53785975 0.7584277483 72.9949521520028
54006794 0.2578553547 73.0810501554021
54398355 1.0905385027 73.7795214202528
54468477 0.56480507 73.8304170746081
54508667 28.366394803 73.8996156556189
54699197 9.3843945589 74.0949731487135
54840054 0.2663910998 74.1588157877633
54950451 1.16393858 74.2051659778375
55120886 1.0557710551 74.3438135062672
55475264 1.4192630936 74.721808258122
55966980 0.2954792119 75.1093548153238
56067174 1.8383926427 75.1679001498743
56589302 0.075472776 75.6542469926731
57110853 0.1763267938 75.8077011444532
57120989 0.0588830958 75.8087961724779
57181212 0.4251610783 75.8277332523192
57412016 0.0641131972 75.8595433942726
57502326 0.0440730293 75.872666635758
57532479 0.0447943719 75.8762546775292
57702880 0.6634456684 76.6427733490332
57783250 0.9618656769 76.9159802103187
58425383 0.9943671448 77.9186609496743
58555798 1.480262833 78.1778143031803
58595933 4.9225340788 78.2174668615564
58666087 3.3248177285 78.3633991386239
58766436 0.9303653433 78.9184779200115
58887010 0.125852666 79.3990713780522
59459322 0.1826063804 79.5832644044678
59770398 5.5995676253 80.4152961135386
60000903 0.1749302875 80.8602670395116
60241774 0.159551909 81.458007283976
60613001 0.2108534532 81.8322609385389
60923903 1.0205096147 82.3337995191526
61194806 0.9085899818 83.1875301871735
61214868 5.5410799465 83.5149329625077
61224892 4.6819376551 83.5318790180252
61255097 0.2891109845 83.5455913078415
61616340 2.3461739136 84.389189312636
61866973 0.2670438706 84.9332530103665
61957236 2.4307713194 85.0829027294091
62137911 1.8607435294 85.4990306312814
62459031 0.140573588 85.7045738754235
63171629 0.18669508 86.8527682115445
63372327 4.0517737125 87.2896116780795
63432495 1.2639405329 87.3254881437116
63673411 0.5487335384 87.4905788824106
63713500 0.6879104277 87.5304127578477
64174896 7.1087651684 87.7393841607443
64214993 0.5220968999 87.8645324685084
64275124 2.8607614589 87.9056272683676
64807362 0.0026015975 88.1459436099115
65028062 0.0081989438 88.1640846296815
66303104 0.417645792 88.9745942358344
66513813 1.4790221226 89.6269857705974
66684390 0.0312876522 89.6908193117351
66704449 0.0611218383 89.6920409511009
67216375 1.2631129864 90.492938158859
67246428 0.9206237941 90.7557512258456
67276485 1.0828698338 90.8986172049793
67416752 0.4983450472 91.1905630076712
67446831 0.0182163482 91.2682212639227
67547301 0.0482674942 91.3736109905062
67748196 0.0405220641 91.4182111024163
67768242 0.0310792986 91.4191817975423
67788269 0.9360730067 91.4200100144779
68239614 1.2072595899 91.5667578686993
68490495 0.0790086132 91.6303521205828
68580912 0.1006488595 91.6669057553193
68631017 1.2384646641 91.7613663705824
68651180 0.27712384 91.8670310684331
68771591 0.6902758093 92.1611147656502
68811693 0.8614379691 92.3791048480156
68841789 0.6553230031 92.3917765479819
68912086 0.5669397979 92.6165849789028
69012507 1.0184356088 92.8084185128528
69263496 0.012343026 93.4713714311584
69855258 0.4516672148 93.81515050857
70116170 5.954803764 94.4698177827168
70146241 0.4993754658 94.5909958206894
70226623 4.7111456582 94.6780577634811
70366950 0.5473457424 95.1544702297942
70457246 3.356646817 95.5920181718214
70477335 2.2864717328 95.6876549256221
71431036 0.256282482 96.7019192921884
71982885 0.0788971263 98.00631420271
72103427 0.5364629951 98.2920770404014
72575214 1.1559224982 98.334049904958
72645352 0.0554412802 98.3607654462945
72836084 0.0460566043 98.3731815198338
73120343 0.2458728809 98.8045831428023
73210869 0.2666450624 98.8886160028138
74177764 0.1790231684 99.4442956667721
75465051 0.4393849143 100.413814178065
76233073 0.0142809405 100.704187187349
76695230 0.1977249224 100.880790677273
77307401 0.5796964099 100.934961865522
78160256 1.1626931974 101.38028166857
78200422 0.5596269724 101.410317812599
78330774 0.3483376946 101.458624843561
78491741 0.5497118599 101.57055290906
78712699 0.0711116437 102.146724706035
78732754 1.1886552896 102.149355747061
78742754 0.0574612982 102.149964066644
78843051 0.0266722428 102.174214189743
78973356 0.4384718787 102.238888262729
79787644 0.0459350863 104.03037981179
79968275 1.1804696017 104.152278736991
80499875 0.4750146086 104.868393731653
80590302 7.7315677943 105.010493565067
80640476 41.2004527684 105.267323093803
80750965 0.8394831484 105.463666067149
81332677 59.4625698885 106.630373162243
84217241 0.5207931876 108.522170783075
84267449 0.4971662191 108.581966108999
84688897 0.1378637296 108.699254967683
85522184 0.489647637 109.152197924712
85532241 0.2115854967 109.154304915012
86140534 0.0026936796 109.322721080805
86150556 0.0069628643 109.323395382092
86170563 1.2818295659 109.327983853006
86210598 0.0101220786 109.335559185439
86360984 15.6420241315 109.551357369714
86671738 0.5178830192 110.225874766425
86791995 0.6596976968 110.316293732234
86822071 0.814295123 110.337800432319
87002507 4.6922444364 110.438750758666
87283324 0.6660358981 110.971523025831
87353489 0.5817029762 111.210509996118
87443844 1.0531109182 111.380593938979
87504009 0.7511243986 111.620441764428
87664751 1.6936786425 111.691026660406
87895310 0.4634783337 112.150036184673
88015689 0.3544799154 112.227325123865
88099129 0.2966884734 112.363144645099
89021690 0.0011009225 113.867426527249
89382848 12.5492369908 115.319607173268
89683584 0.5795626711 115.951788136946
89753788 0.4587115736 116.065046891674
89823954 0.0354046282 116.115065914608
90175251 0.358114401 116.770172559855
90887750 0.2680003537 118.136456202589
91088424 3.9413408735 118.228594452617
91269148 6.257209564 118.44610076507
91339415 0.0898080049 118.557466335807
91700688 0.7890749407 119.686594840601
91781794 0.3034211846 119.874653462643
91822074 0.5933909963 119.933098758558
92022658 4.5484406551 120.608155298355
92213084 0.5667370684 121.175892806727
92814751 2.2970960182 122.470887161549
92874911 3.2063107116 122.580119210455
92975329 0.5460721882 122.984307528004
93135768 0.6370999904 123.579323877155
93195835 2.2798916164 123.727556501532
93647173 1.8107719004 124.677629675963
93737342 1.5531841356 125.411642211198
93807986 10.0367493087 125.927272823318
94312185 0.798762649 128.01543804537
94322199 2.3169511503 128.032274276419
94442477 0.3401616963 128.269264895769
94592942 0.29197209 128.645558033567
94713420 1.0622627226 129.046381694132
94874075 1.0903357479 130.1342877
94914216 0.5346420288 130.185923087954
95024591 0.7237372308 130.659450205974
95576080 0.208706566 131.944961928943
96428860 0.1335308301 134.156242977442
96448889 16.6401676233 134.204102122556
96709794 0.4524266749 135.249649738078
96930307 1.1275735869 136.100569564375
97391807 0.6158205505 137.047686708672
97411920 0.6168591272 137.089978301427
97512178 0.5864106123 137.184949986586
97552457 2.5117093327 137.415875437649
97592647 0.5860608193 137.46527900113
97622781 1.7283340431 137.480823221045
98255916 9.3127191896 139.614839571504
98346176 7.2976594211 139.704194210624
98366204 0.5566515626 139.732719793925
98376228 0.4719648731 139.7691587654
98677156 12.830294069 140.713133305791
98707251 0.3954821614 140.880118039712
99599607 1.0274945713 143.187479313932
99690019 0.3445857344 143.619695451396
99720045 0.116671968 143.628987364089
99770137 0.1248780684 143.668264062715
99840501 0.103787474 143.676516128733
99880614 0.493960822 143.682846767555
100241911 0.5577480909 144.305895966254
100542673 1.8200768024 144.962409424239
100572840 0.0237321358 145.031166041732
100773215 1.08501737 146.092288434472
101546195 0.4945505557 147.403248992626
101917222 35.2955697178 148.976345346327
101977458 0.941080937 149.876193766639
