position COMBINED_rate(cM/Mb) Genetic_Map(cM)
783004 0.5451882676 0.94795573211553
983292 1.6914973042 2.06528180713272
1364767 0.1125107104 3.39749752733364
1414887 0.1496491464 3.42714029168992
2640086 0.5685376711 5.02888474978248
3449479 0.190270519 6.6607357638163
3489644 0.0182614421 6.66711505849444
3589846 0.1175610704 6.73094158511289
4051189 0.5463320717 7.3788951308237
5073887 2.3639856561 9.12427821111536
5214211 3.9231111985 9.69781530311099
5474696 1.3523912786 10.3785654405915
5685017 2.5299184547 11.2213393671921
5785134 25.2889628629 11.435081773468
6436343 1.6091150103 14.0458866492402
6556620 0.2981589872 14.5225513885473
6586658 0.6945980604 14.7552317195222
6676916 1.0286695527 15.1036599985018
6747102 0.780934964 15.215520367511
6817205 1.3289003731 15.4710114391045
7087534 0.4387566707 16.1546760077553
7458193 14.4796156516 16.8615446318665
7648602 1.1499962509 17.7683498771846
7939088 0.6439707752 18.8005608937411
7999128 0.2179907338 18.8773755872065
8210271 0.1531804577 19.3217111260432
8310556 16.7069506455 19.6818091786007
8480832 1.6164812033 20.4689714348201
8777117 1.1938981802 21.0866103155556
9558920 0.3850105083 22.6490209176878
9931251 0.1181263566 23.2884684222036
10342518 9.4740133743 23.7144665672337
11105038 0.2077618143 26.2707842349315
11415741 0.4585781952 26.5432754586004
12739070 0.5817545774 28.9151055379037
13130115 0.2861338777 29.715733162758
13340565 15.1464021762 30.2361485973864
13601213 0.2607581662 30.4443515023595
13701431 0.3004054608 30.5594760983434
14705282 0.0562110923 32.1091488991909
14745327 0.1323549894 32.1120474331769
15683251 0.2836133544 32.3707407298104
16931185 0.1261389944 34.6875939738078
16971229 1.1921235522 34.8440559289257
17051557 0.9363609626 34.8976973258363
17121689 0.2498436044 34.9324089140273
17252033 0.3171299576 35.0747536103311
17583012 1.5075992887 35.8489534933139
17773375 0.1649636561 36.3147981889777
18024092 1.4765335823 36.7159858494196
19229662 0.44085501 38.1436391974247
19360300 0.2558438172 38.5993211402482
19541025 0.0024884251 38.8236209827462
19621323 0.7179645772 38.8628511602023
19952748 0.6890269408 39.0548648483829
20253738 0.2375200204 39.8009832912325
20394166 0.1497936556 40.2115646544261
20731973 0.0005259616 40.6273925394463
20852577 0.0041585046 40.6359943168673
20862577 0.0014085665 40.6360225146678
21086416 2.5379280345 40.7099598408717
21089688 2.525479615 40.718223210172
21090253 2.5214029823 40.719647802857
21091211 2.5214029823 40.7220633069141
21091291 2.5236422551 40.7222651982945
21091747 2.5379178764 40.7234224888461
21091978 2.9937504245 40.7241140451942
21092051 4.1851106308 40.7244195582702
21092126 3.4960717566 40.724681763652
21093491 3.3566487986 40.729263589262
21094849 3.3589096738 40.7338249885991
21095370 3.432439556 40.7356132896077
21095478 3.4330877187 40.7359840630814
21223780 2.3697416893 40.8189174167589
21978599 0.0955802055 41.3026226430399
22390261 0.0614937075 41.3969578454961
22762065 0.3479071262 42.2931704092781
22862335 0.3707182419 42.8340146715829
22962602 5.0648162635 43.1111312831617
23243688 0.8463210651 43.2713610984401
23293764 0.405550351 43.4999494789982
23905676 0.0946849899 44.2543238170184
23975921 0.8170060016 44.3332160465076
24186561 0.4589930934 45.0509987927614
24226740 4.811345435 45.0965046919147
24477405 0.737405672 45.8606767857704
24527550 0.5265376748 46.0788557078124
24878956 0.5468534131 46.7526099828948
25501356 0.0785871006 47.5087094207314
25732537 0.6792972371 47.9985531936639
25742551 37.3214293265 48.0975503496456
25772572 4.7869838143 48.1769655824314
26124193 0.582195193 49.3208426666719
26424994 0.0146466646 49.9428665577032
26595579 0.1225494843 50.2365182007758
27167481 39.2685646058 52.2553946782909
27187546 2.4446246425 52.4305859276543
27769894 0.1464934433 52.991776432027
27980502 0.2407753422 53.5026643379237
30895545 1.0940969451 55.5093182328649
31287148 0.5951018889 55.5960278713355
31497808 0.1330167057 55.7967726528487
47763842 0.0004944257 56.3754839305914
47914171 0.0015519012 56.3816754307874
48115001 0.7534604326 56.5035948544136
48466352 9.6404093442 56.645828376664
48586810 0.0004109304 56.7561045382234
48647017 0.0015640123 56.758904498838
48888272 0.0233281629 56.9530730659667
49088823 1.2115357233 57.1569592482157
49821501 0.5726100735 58.1797051711997
49831566 1.0900107073 58.1907484613879
50875620 1.6272063504 59.5477608743877
50915814 0.4762041854 59.8268190391915
50965904 0.2124027141 59.8436395197145
51076243 2.551985665 60.298900673648
51096349 2.1832830351 60.3586990590617
51126427 0.8339760723 60.3910260086428
51297031 0.2901338771 60.7129115314869
51357210 1.456288167 60.9075576318187
51397353 0.9705655906 60.9314052196083
51457948 1.5815290809 60.995893572869
51477995 0.1790381084 61.0042233620552
51548265 0.2148288041 61.2121363985452
51558328 1.0878045464 61.2168687751518
51789452 18.1667282595 61.5394538578335
52140941 0.3565301883 62.281160350965
52251307 0.5218117968 62.3480547292561
52822958 0.1915461261 63.4269895447142
52913166 0.0033787705 63.4579870976973
53043669 0.274634403 63.7487762194788
53144191 0.3208866623 64.0308380209485
53325073 0.0010280958 64.0764570812205
53637054 0.6624525765 64.4353127173473
53928079 8.334086354 65.0335060703255
55201727 0.5653638813 69.0879829569831
55332095 0.5579789692 69.489490347669
55422600 0.051264124 69.6020644639446
55492809 1.54573856 69.7000393475568
55523011 0.869571401 69.9856393265398
55603188 0.0485429455 70.0287128908529
55950916 0.5167383635 71.7089247991521
56041190 0.006541038 71.7448898736411
56201988 0.0002402754 71.9054803483159
56292359 0.1313294401 71.9092066415558
56895034 0.6206713479 72.6814033477365
56935120 0.7866486297 72.8429481653231
56975277 0.0336486148 72.9239617332056
57015380 0.9755972107 73.0657712775604
57647543 1.3349372424 74.440720036024
57868258 0.3623593278 75.2379421207804
58280078 0.4385269313 75.9601612285595
58521090 6.4975085131 76.511066211385
58591298 0.0010067189 76.6154973857982
59334041 0.0848622918 77.5055271819588
59344076 0.1629077366 77.506804829632
59524602 0.4361127318 77.6177157858576
60046468 0.2346277729 78.2626061450396
61230583 0.049638854 79.2205397327732
61421427 0.3383413048 79.259545379303
62043591 0.2656684444 79.6878737694282
62304320 0.2919892938 79.910253382552
62364508 24.1507687875 80.1316633617758
62515029 0.0672248463 80.3933363620124
62535081 0.2959869209 80.3975918833503
62595391 0.7023180551 80.4807799692396
62705763 0.7862073104 80.7654708285792
62936548 0.4769972436 80.899443726383
63056862 0.1825491581 81.000952961233
63378212 0.0329152723 81.105337417139
64582193 0.0792095449 82.5213782511936
64903331 4.8535052836 82.7002831141668
65144348 0.0247909797 82.8326730245986
65214550 0.2374473888 82.8615613546168
65234631 0.2031354796 82.9092550049538
65405474 0.3370350539 83.1049533180363
65576028 0.3279409446 83.3857508655146
65666414 0.2176432309 83.4245134704494
65768889 0.1143104712 83.4710164828975
66049631 0.6927506624 84.0948085765988
66200307 0.2747259524 84.3237741552068
66390850 0.47360199 84.5824941120433
66973381 0.1003831577 84.9384027258887
67134102 0.1667892525 84.9527297689308
67304915 0.2782090835 84.9783670880892
67334969 0.0668130147 84.9842716976715
67435401 0.0021951135 84.9878545710461
67797014 0.0206779489 85.0292186598382
68340085 0.0896468552 85.0851145380811
68450462 0.23947119 85.2214110565223
68713257 0.0492461978 85.3373943397095
68873686 0.2155189533 85.4585523232083
68893781 0.1411726512 85.461251110831
69576894 0.1839726363 85.8443335159779
69717572 0.001102408 85.8570175368114
69757828 0.0823528221 85.8599360987645
70270429 0.04338108 85.9681348199989
70731870 0.1749950527 86.0742025152049
70932567 2.353397149 86.3648873218809
71335443 0.0752602588 87.114926633479
71436032 0.395707175 87.1603642072773
71456142 0.1183441537 87.1658380594055
71828574 0.0602333466 87.2279327538597
72189727 0.2871065537 87.3139447156712
72541130 0.0008900033 87.3831851337632
72741940 0.0093417992 87.3982210192775
72912833 0.7510041537 87.4567161829743
72942904 0.5831336042 87.6601219550197
73073289 4.5365971666 87.95985718011
73384193 0.0666959949 88.7247755313595
73414286 2.0326935915 88.751096818542
74166738 0.1555484285 90.5995347362864
74186767 0.2688632982 90.6061201022322
74266953 0.0410554147 90.6484692184961
74276961 0.0781983891 90.6539721824844
75541360 0.7552528173 91.9531137626686
76093302 0.2763247655 92.4257463762459
76213753 0.3084559355 92.4929736270784
76424420 2.9019013369 92.8802027849754
76484576 2.8649462088 92.9445505120187
76855684 2.9665260742 93.59964317142
77256519 0.0177711839 93.9592269148107
77326724 0.3503000556 94.0330213907388
77407078 0.5116966478 94.135761543482
77527427 1.0046713728 94.3652512240562
77587528 0.6646625616 94.4460936180897
77787859 10.4182220368 94.9417410980809
78188738 0.5266137758 95.9166341722493
78629649 2.1463333034 96.938557902469
79451202 3.1313770915 100.304955507666
79882250 4.912163487 101.561817968882
80202850 0.4997744374 101.954179870512
80503345 1.161369465 102.511244150893
80894069 0.9204521213 103.090685556727
80964131 1.0738400845 103.213224218298
81154649 2.8223684765 103.314365374708
81365342 0.6558115352 104.117888308359
81525637 0.9169662403 104.568235874398
82277508 1.2404469909 106.903017783525
82287510 0.2866144487 106.976476049575
82628245 1.8156520719 108.035676729325
82658261 0.9717370429 108.182217699809
82758427 1.1182570969 108.788440348129
82788510 1.1087114636 108.828391948071
83269336 2.7892533128 110.194736746551
83329462 1.1749206894 110.404602087823
83820625 5.7055931274 111.597980010718
84231728 0.3116583774 112.780303977141
84291785 6.3287400322 113.257533944949
84321932 7.5305340831 113.439577983634
84361969 15.786277325 113.649942873515
84452091 8.1009330652 114.12294296865
84822961 0.9016296818 115.427356742518
85013514 0.1050545463 116.361413661727
85434694 0.6326840574 118.122393317488
85965959 8.1738426912 119.957766288931
86426766 1.4741326631 122.163853358919
86667409 2.3459310336 122.968317101738
86807617 15.3939573787 123.769557022452
86857758 1.5567408059 124.067554388544
87289017 0.368412416 125.468689229164
87299112 0.2711321408 125.471033051975
87579870 1.5501187804 125.781263941761
87780307 1.1095689133 126.245718621473
88479476 5.8489467941 129.015381033179
88810587 3.3717484023 129.708828061863
88920757 8.1983245698 129.961220862015
89702620 1.4384678775 130.744483437866
