position COMBINED_rate(cM/Mb) Genetic_Map(cM)
403968 0.3242559589 0.728978703416486
604818 1.0017820787 1.51439957874419
624824 12.5013367154 1.91347627570307
926298 0.7744014787 3.09346401531042
966481 1.0646710827 3.25636034075837
1435156 9.3315841282 4.14851251689197
1435236 10.9923263431 4.14939190299942
1435271 14.2935658253 4.14989217780331
1435710 14.2935658253 4.15616705320061
1435746 14.2935658253 4.15668162157032
1435888 14.2935658253 4.15871130791752
1436122 13.9980156553 4.16198684358086
1436136 13.9980156553 4.16218281580003
1437602 5.3059284457 4.16996130690143
1437850 3.6574585369 4.17086835661858
1438095 3.5696655345 4.17174292467453
1438393 2.0086757377 4.17234151004437
1438555 1.2731426986 4.17254775916154
1438661 1.1635977686 4.17267110052501
1438824 1.163526993 4.17286075542487
1439614 1.1645736592 4.17378076861564
1440732 1.1898399069 4.17511100963155
1441444 1.2200411151 4.1759796789055
1441750 1.6519654095 4.17647702501591
1441929 2.0296773504 4.17684033726163
1441978 2.1565903086 4.17694601018675
1442024 2.1950197499 4.17704698109525
1442319 1.6751871341 4.17754116129981
1442349 1.1268842386 4.17757496782697
1442430 0.6176050357 4.17762499383486
1442590 0.401696095 4.17768926521006
1442817 0.3133268976 4.17776039041581
1443152 0.2871140079 4.17785657360846
1443305 0.2698349797 4.17789785836035
1443317 0.2519557164 4.17790088182895
1443541 0.2310823728 4.17795264428046
1443544 0.2295993488 4.1779533330785
1443691 0.2121851388 4.17798452429391
1444936 0.2123565131 4.17824890815272
1488617 0.5059505443 4.31603213750605
1498668 0.4022532063 4.32607135774424
1599124 0.0013548515 4.45919127875164
1749665 0.0735972888 4.6174005012417
1990871 0.1638906499 5.20672248714683
2161731 3.0035172186 5.68703276122071
2413383 7.8118927172 6.55431384334986
2483657 2.600211845 6.81260586951607
3015919 8.9504260495 8.43827192649915
3397434 1.0330152536 9.89671885890503
3597864 5.5875826115 10.9511689229814
3789544 1.5888365065 11.6986347585046
4181103 1.6246702896 13.0624915347629
4311534 0.5372286894 13.4674230640057
4582423 0.6392078086 14.7053325075403
5416221 0.9869930561 17.096451281906
5556697 2.2153617326 17.3505700820021
5596822 1.1408689566 17.5746629074944
5676999 0.1533733 17.7708607124022
5707643 1.4508239118 17.7967647790441
5757786 0.3061453945 17.8580828833864
6098897 0.4165933298 18.9028910068776
6480056 11.2719365386 19.8824003158016
6690637 0.0328213313 21.0032941533898
6770874 0.0453319892 21.2164560726464
6921268 2.3690800164 21.4351431119906
7383092 13.8091757854 23.5891445116989
7433335 3.5324134062 23.7884470952578
7604104 0.2789116031 24.0557541892637
7724592 0.0333895762 24.316123189849
7774724 0.4202732755 24.3996602447413
7784741 0.216142699 24.4029004049427
7955787 0.2187362917 24.7057034693172
7965872 0.225440326 24.7080778126144
8036065 0.0739854623 24.7185075946274
8216480 0.3200975237 25.0174859432909
8387219 4.2951056512 25.5216012201976
8517425 1.1835804117 26.2217943743179
8728435 2.0724142958 27.0655641234106
9611497 2.5758702269 28.6059523146953
9822161 0.4305089891 29.7029917294564
9922512 0.3497327978 30.0003426363598
10213353 0.7697936262 31.4356295378497
10283551 1.6799458269 31.6031344564855
10323637 1.8029593961 31.7743080350209
10353722 3.4922095749 31.9445832399789
10383842 1.2464368597 32.0658054526859
10775000 0.7670401627 33.2804128554441
10805071 0.2102568048 33.2894981180989
10925419 0.8837265412 33.5273305806037
10945471 0.2246297395 33.5581860592841
11035655 1.1377011208 33.7055298711417
11236202 66.4387476657 34.9759351293704
11306512 2.0464878518 35.0769292679377
11557161 0.5777864629 36.2597002770096
11717548 0.3485537197 36.7262418735708
11757627 0.8979967345 36.7799133389082
11847834 0.4085271125 36.8229372203486
12270142 4.6869013654 37.9352645032569
12551183 0.0991067829 38.1058765400197
12842480 0.1626541819 38.2964727773031
13073385 0.0024212281 38.4745185417482
13665589 0.0412300151 39.8691234251768
13966347 0.0941643864 40.0978361134945
13996418 0.0869311284 40.1129336667011
14026498 0.0422332904 40.1691755093517
19656225 0.1705228608 41.7150549945889
19676263 2.7613072542 41.7281421147916
21573025 1.6325221402 43.3737051378328
22125187 2.8375173468 44.4715758248555
22536467 6.7513158702 44.9707410643488
22546515 0.1606594054 45.0454942551554
22596636 0.178018908 45.0792402677171
22817345 0.446595708 45.3785467356771
23078080 0.257830885 45.9896168502728
23258812 0.2049985014 46.1187349657553
23328931 0.3535128139 46.1978477661262
23439250 0.3163137512 46.3647409312731
23920698 0.1834218409 46.5566495355405
24051229 2.5613314032 46.7279896192229
24311898 0.4398995428 47.3027037607163
24412227 0.7413211794 47.5306037722345
24422230 14.004346324 47.5613810862395
24452435 39.2903389484 47.6483149461206
24552767 0.8565347542 47.7407016778737
24572889 0.0019672796 47.7407451519648
24592953 0.0269011215 47.743056198492
25175723 0.1338093637 48.4622136557965
25205975 4.944859193 48.5013809975747
25236193 0.3589416588 48.5176201564379
25547313 0.3946930185 49.0338336007346
25647600 0.1361235811 49.0776093271507
26481458 0.0120166731 49.4201050575367
26541573 0.3125704619 49.4350372678354
26671962 13.5527400822 49.5202311605702
26742121 0.3121997967 49.5820892889462
26842418 0.4715062181 49.6383092432285
26962935 1.1783702067 49.7809985401247
27193687 0.164185805 49.9908074898753
27223797 1.1361586053 50.0032043459668
27283905 0.3145397458 50.1024936912222
27324009 0.4172812857 50.1188886344069
28167130 0.049971718 50.8707931279717
28327817 0.1128999016 50.9407430144694
28558623 0.8023984555 51.1279076530867
28568670 1.985972881 51.2832925222558
28899851 0.2349812181 51.7662891183248
28919884 3.3790566121 51.7736814754038
29121488 0.2771810869 52.0157001000581
29161511 0.4015852762 52.1076752957891
29342538 0.2702290087 52.3339482031742
29774363 0.4655285652 52.8383938765348
29784370 0.0912604201 52.8611316289254
30286239 0.1108939306 53.6355803178992
30366464 0.0372949294 53.725807320943
30486809 0.7802352381 53.78377482031
30687582 0.0056886775 53.8188565484404
30838002 0.0003671939 53.8404000950759
31359711 0.0277989423 54.1367197895536
32092803 0.0927191284 54.4702137167759
32344008 0.6167072772 54.5584842827048
32364020 0.030117326 54.562882813566
32454404 0.1733607868 54.5822410958095
32484419 0.1434539795 54.6655669100589
32735307 3.6409434686 54.8672935832713
32986504 1.0287944051 55.0398443021239
33076833 0.2038112401 55.244976259964
33086841 1.4609896737 55.2599568710588
33628714 0.0039847615 55.5084701975601
33779078 1.0426055709 55.6221786959779
33879397 0.4578277995 55.9679870922608
33919605 0.0877492382 56.0211433732445
34009962 8.2527095359 56.1140737233241
34170906 0.6263877895 56.2968642174214
34231109 7.6706358257 56.4006379757747
34261190 0.1507724734 56.4272800672708
34592625 9.07884e-05 56.4726223441055
34803165 0.1307504542 56.4903209544775
35445641 2.3978528553 57.2852170569479
35626522 0.1077844925 57.4447216227126
35867188 0.0021225274 57.6214036774262
36188510 0.3346111204 58.0851179096401
36981479 1.0118939958 58.4372310568649
37132107 0.9452800279 58.4816045320678
37172254 0.3300240297 58.4864428089664
37212488 0.0021119146 58.4887773967394
37353312 0.0008341213 58.5176354360262
37443565 0.3295937382 58.6071433692872
37453597 0.7318441845 58.610642135497
37784774 16.4585011879 59.0129302604454
37945288 0.0149104592 59.2328860946489
38015632 27.21955514 59.2667191884766
38025646 0.0532896604 59.2979545200561
38055714 0.0181881858 59.3057968264013
38246481 0.0001523136 59.3400628151876
38346758 0.3484116041 59.3787003278297
38557736 0.0962294971 59.5698427155381
38858850 1.3711627782 59.8382767444553
39120018 0.0082505876 59.9185443999761
39150324 2.0959665315 59.9848223540319
39200438 0.0700843347 60.0008958807809
39260616 0.520507931 60.024175165379
39491658 3.00903196 60.4066361129262
39702411 0.0985700808 60.4576572823122
39913000 0.2076567296 60.658750204238
39943164 0.6588006772 60.6723144332419
40023782 0.0139851806 60.6776563703252
40064000 0.0032904455 60.6900224543036
40214391 0.0751318552 60.8203454747316
40284595 0.0573828479 60.8339198886689
40625666 0.111771914 61.1441386077511
41187819 0.1673512889 61.4509795326217
41207839 0.0752772092 61.4552825355165
41759160 0.1003795389 61.765253879777
41789323 0.1457885236 61.7731444376712
41819364 0.1907429703 61.8011950133117
41869491 0.1470445238 61.806946407313
42120457 0.9572865819 61.9165609771853
42240734 0.0025835235 61.973351029803
42702908 0.0104237527 62.4743105000121
42793219 0.2833513672 62.5247391085519
42823267 8.3558595518 62.543946934748
42843373 0.929260503 62.5702609226976
42963726 0.8212509653 62.7084093974188
43154264 0.8469430223 63.0401870901975
43445342 0.0802709816 63.4864278745673
43957414 3.9084687937 64.1624987990382
44077879 0.7693452322 64.3693513531181
44439011 0.0564597251 64.8654217526014
44682023 0.0074912365 64.8888401640085
45153621 0.3801722584 65.2566560798918
45284314 0.1490261996 65.3488703278066
45314528 7.2552402955 65.3662493731221
45625272 2.0065260785 66.0841034081229
45836094 0.0508643714 66.744260612752
46678717 1.265448883 68.7275982031745
46939670 0.0060172487 68.7437782371762
46959713 0.0057152526 68.7488416723175
47160814 1.1206626595 68.9360154648988
47533387 1.9913383892 69.3874353444549
47543388 0.2402779204 69.4363162761902
47764073 0.2714219341 69.5973531313004
47964975 6.0048629091 69.8462187536558
48005071 0.0018709667 69.9164825767146
48115455 0.0065365738 70.0077717009644
48226068 1.3039885056 70.1427658216495
48456903 0.0108987363 70.879812174106
48537489 0.0299409528 70.8913824023433
48868606 0.0115681126 71.1396101935521
48928944 0.2636781761 71.225881340078
49109609 1.6989423988 71.5572713473992
49179881 1.8631696811 71.6775087096362
49440953 1.2964546365 71.8335603110068
49862822 0.1987701403 72.2207799259358
50043368 0.4996188882 72.5236021449724
50143759 0.2402125245 72.5526964005715
50183886 0.5697540675 72.6740822919915
50214057 0.2875033872 72.7051590642237
50404377 0.0130912485 72.9084801386431
50434495 0.0892260122 72.9113365726374
50544871 0.0034103204 72.9342778180619
50635096 0.0470284482 72.9979102226752
50855782 0.0694796162 73.0827469738565
50986210 0.0578991454 73.1086980765173
51016370 0.0465467375 73.1160097143433
51036415 0.1212835082 73.1183028233114
51076520 0.1391203895 73.387429122141
51116832 0.1236500955 73.3948570734359
51267309 0.0146417546 73.4752305860924
51337473 0.0046378528 73.4871274438786
51417639 0.1021676472 73.5021072965146
51658397 0.010167061 73.6218598883943
51768880 0.3275586328 73.6938568461703
52520680 0.5322921723 73.9691136439351
52751455 0.0596372478 74.3529520143443
52992337 0.1587487281 74.5792282435459
53143082 1.2416896828 74.6224514930155
53153117 0.1638225422 74.6352522923131
53895816 0.9461323629 75.2864360659445
54257404 0.0223212548 75.8081496171416
54317581 0.0095181408 75.8156576474405
54347648 0.0612957502 75.8205588244578
54377737 0.0024125471 75.8213482530856
54468061 0.191692122 75.8665831673956
54759365 0.0466050662 76.1945598983744
54839747 0.1657390764 76.279440653308
54889929 1.5154831678 76.2971845754201
54899962 0.3092038829 76.2989411270556
55110674 1.2895972486 76.5011101163562
55210953 2.5031132268 76.6455762433728
55220996 0.7555807574 76.7426371579843
55461863 34.9206934869 77.3663709322822
55471870 0.7038520169 77.3978057750391
55783005 11.729972495 77.9907084189959
56204644 2.3379810475 78.8187779149014
56967239 0.5873596253 80.4500234963592
57167965 0.5956447392 80.7092147086425
57228049 8.5962097307 80.8575944286505
57358418 0.7529721984 81.0909490136264
57388443 1.9895167141 81.2857864245474
57859933 0.3127252705 82.172096364373
58160899 3.5410058598 82.7150152602609
58170917 0.1688119177 82.7405118501175
58211124 0.0767294871 82.7718900786883
58652304 0.1597035429 82.9662930912698
58883201 1.9481082287 83.1653720593522
58943415 0.0370104835 83.1974113578822
59003504 0.9073827495 83.2078140799839
59244428 2.9236811079 84.1805917733427
59304511 0.5232123634 84.2135535313316
59695849 0.4109493862 85.4448445776757
59735993 0.0010018068 85.4503594888222
59776262 0.0052669693 85.4505205271422
59946943 0.8046205655 85.4774821091516
60027149 1.8124139898 85.5410571236702
60067241 0.1414865532 85.6099490893468
60800188 0.6659757426 86.4860224859226
60810240 0.5019996288 86.491658979826
61281648 0.0048918585 87.8912952996536
61753467 0.5925313223 88.5355123807606
62104557 3.9683251844 89.1915748863014
62385692 0.0563320197 89.4481904796207
62405891 0.019885861 89.452222450564
62516091 0.1160878377 89.492375203427
62676542 0.0649193852 89.8656182284829
62766798 0.0205155419 89.9140928632494
62927533 1.5676378739 90.0081635092124
63539799 0.2791918073 90.6038488617376
63549860 0.1045993206 90.606165054446
63589971 0.6958639581 90.6191337487724
63599977 0.8629800127 90.6370335789399
63680182 0.0109237606 90.8382452108694
64242278 0.03396845 91.114364288917
65325852 1.4537867306 92.9451104464708
65375997 1.5253071507 92.9889853432274
65747003 0.0194971481 93.3206850773776
65777075 1.0772523089 93.3443226080169
65937515 5.7782590548 93.8992730587382
66038094 0.0780929459 94.1247846014225
66088212 0.1786299112 94.1391794566408
66349155 0.0016304311 94.6927997100501
66429479 0.016582808 94.9181905143205
66449541 0.0158516824 94.920227885302
66700252 0.0035606997 95.2136397370207
66810761 0.2265211541 95.4631819183752
66891048 1.0603568087 95.6918858121648
66961213 0.1174573519 95.7187306993065
67021423 5.9660011389 95.7714493827093
67302732 12.7351826835 96.2500127939983
67463458 2.353688681 96.5558233955758
67543826 4.8566830008 96.8038991524222
67563972 8.6537320146 96.8166252285666
67714323 0.0949082138 97.1299478691558
67885058 26.2893219912 97.318253768126
67935194 0.3528698366 97.4221440278358
68326165 0.3509835402 98.1408682512704
68497445 0.0813657669 98.2945802103814
68577811 0.1591377359 98.3412795643868
68738292 0.2827640658 98.5737429240393
68908932 0.4213854182 98.906446973971
69239869 0.7674410871 99.2006110852763
69420901 0.2130101036 100.056112696912
69461047 0.1247245837 100.072254322924
69511186 0.5628863366 100.112875172193
69972704 0.0920954538 100.727439590702
70032831 0.0218846646 100.811331714245
70113174 0.3757810448 101.036563135936
70494006 0.6237177534 101.560681572799
70504011 0.0146950015 101.731510708802
70604441 0.0060282699 101.860834546441
70665668 0.7230164356 101.978531799907
70886424 0.092271739 102.396036683417
70936558 1.8327288373 102.441605812887
71067126 5.8304109637 102.828148256695
71177524 0.4048434103 102.996332873631
71327939 1.4029502458 103.312509146901
71347984 4.4938698491 103.336506718403
71518649 33.6465959274 104.44264606514
71599056 0.6258987352 104.82667641392
71689385 3.8426883282 105.175841196371
71739413 0.4039321168 105.224839160378
71879739 1.4561436351 105.344209475431
71929842 0.4008138236 105.669340320215
72110418 22.1426703219 106.193934650046
72353497 0.0590278574 106.802516801346
72373560 0.0023458596 106.803459981874
72504018 0.9846550769 106.850447192314
72594345 0.6516392266 107.010835470702
72774746 1.1623834225 107.176500781298
73537198 1.7041684216 109.10727137595
74028404 54.4373659968 110.089882223938
74319517 1.074111735 111.722902415896
74329531 0.6088430964 111.731776990833
74369832 1.7792509625 111.842515351951
74379835 3.3546366658 111.864947624224
75031899 43.1883455348 113.905231028496
75142299 1.4160217898 114.577722857874
75152313 0.4336821349 114.605047562757
75323157 0.4214167299 114.984468771373
75513922 0.0197201285 115.453676251733
75634258 1.543010117 115.800043539936
75714441 1.4605649637 115.885253953516
75982466 2.0020702689 116.692287126335
76483849 26.3836125596 118.276551569328
76604392 0.0116347929 118.51102405653
77249040 0.2719980386 119.316126602238
77439532 0.002922079 119.772808540975
77469713 0.0028758142 119.774489698003
77982107 0.1048566891 120.131750895534
